Pointages AviMéca
t x y
(s) (m) (m)
0,000 9,58E-2 7,40E-2
0,040 1,04E-1 5,96E-2
0,080 1,12E-1 4,32E-2
0,120 1,16E-1 2,63E-2
0,160 1,19E-1 9,93E-3
0,200 1,19E-1 -8,44E-3
0,240 1,17E-1 -2,58E-2
0,280 1,13E-1 -4,42E-2
0,320 1,07E-1 -5,96E-2
0,360 9,88E-2 -7,55E-2
0,400 8,84E-2 -9,04E-2
0,440 7,65E-2 -1,03E-1
0,480 6,31E-2 -1,13E-1
0,520 4,87E-2 -1,22E-1
0,560 3,28E-2 -1,28E-1
0,600 1,74E-2 -1,33E-1
0,640 4,97E-4 -1,33E-1
0,680 -1,54E-2 -1,31E-1
0,720 -3,13E-2 -1,28E-1
0,760 -4,67E-2 -1,22E-1
0,800 -6,06E-2 -1,13E-1
0,840 -7,35E-2 -1,04E-1
0,880 -8,54E-2 -9,19E-2
0,920 -9,49E-2 -7,75E-2
0,960 -1,03E-1 -6,31E-2
1,000 -1,09E-1 -4,62E-2
1,040 -1,14E-1 -3,03E-2
1,080 -1,16E-1 -1,24E-2
1,120 -1,16E-1 4,97E-3
1,160 -1,14E-1 2,19E-2
1,200 -1,10E-1 3,82E-2
1,240 -1,03E-1 5,51E-2
1,280 -9,54E-2 7,00E-2
1,320 -8,49E-2 8,29E-2
1,360 -7,45E-2 9,49E-2
1,400 -6,11E-2 1,05E-1
1,440 -4,77E-2 1,15E-1
1,480 -3,28E-2 1,20E-1
1,520 -1,79E-2 1,25E-1
1,560 -1,99E-3 1,27E-1
1,600 1,34E-2 1,26E-1
1,640 2,93E-2 1,23E-1
1,680 4,42E-2 1,18E-1
1,720 5,91E-2 1,10E-1
1,760 7,10E-2 1,01E-1
1,800 8,39E-2 8,99E-2
1,840 9,39E-2 7,70E-2
1,880 1,02E-1 6,16E-2
1,920 1,10E-1 4,62E-2
1,960 1,14E-1 2,93E-2
