pointage
t x y
(s) (m) (m)
0,000 9,79E-2 7,18E-2
0,040 1,09E-1 5,08E-2
0,080 1,16E-1 2,83E-2
0,120 1,19E-1 4,35E-3
0,160 1,18E-1 -1,81E-2
0,200 1,14E-1 -4,21E-2
0,240 1,04E-1 -6,38E-2
0,280 9,36E-2 -8,34E-2
0,320 7,83E-2 -1,01E-1
0,360 6,09E-2 -1,15E-1
0,400 4,21E-2 -1,25E-1
0,440 1,96E-2 -1,32E-1
0,480 -7,25E-4 -1,34E-1
0,520 -2,18E-2 -1,31E-1
0,560 -4,28E-2 -1,24E-1
0,600 -6,09E-2 -1,14E-1
0,640 -7,83E-2 -9,94E-2
0,680 -9,21E-2 -8,12E-2
0,720 -1,04E-1 -6,17E-2
0,760 -1,11E-1 -4,06E-2
0,800 -1,15E-1 -1,67E-2
0,840 -1,15E-1 5,80E-3
0,880 -1,12E-1 2,83E-2
0,920 -1,05E-1 5,01E-2
0,960 -9,43E-2 6,96E-2
1,000 -8,12E-2 8,78E-2
1,040 -6,46E-2 1,03E-1
1,080 -4,57E-2 1,15E-1
1,120 -2,61E-2 1,23E-1
1,160 -5,80E-3 1,26E-1
1,200 1,52E-2 1,25E-1
1,240 3,55E-2 1,22E-1
1,280 5,51E-2 1,13E-1
1,320 7,33E-2 1,01E-1
1,360 8,92E-2 8,49E-2
